0 0.94453125 0.31953125 0.0625 0.1453125
0 0.88359375 0.32109375 0.0515625 0.13203125
0 0.82109375 0.31484375 0.059375 0.1359375
0 0.7625 0.31953125 0.0609375 0.15078125
0 0.446875 0.31953125 0.065625 0.1453125
0 0.38515625 0.31640625 0.05390625 0.14453125
0 0.32265625 0.315625 0.05625 0.13984375
0 0.265625 0.31640625 0.05234375 0.1390625
3 0.1671875 0.31875 0.096875 0.23828125
3 0.04609375 0.31796875 0.09140625 0.24296875
3 0.540625 0.32109375 0.09140625 0.24296875
3 0.66875 0.32109375 0.1015625 0.24140625