3 0.96796875 0.44609375 0.05859375 0.2734375
3 0.89609375 0.4390625 0.06171875 0.28046875
3 0.8359375 0.4421875 0.06171875 0.271875
3 0.76875 0.43828125 0.0578125 0.2578125
3 0.7078125 0.44296875 0.0578125 0.253125
3 0.64140625 0.43515625 0.05859375 0.26484375
3 0.58125 0.4515625 0.05625 0.26640625
3 0.51484375 0.4453125 0.0625 0.28203125
3 0.4546875 0.446875 0.05390625 0.26875
3 0.384375 0.44375 0.05859375 0.26171875
3 0.325 0.446875 0.0578125 0.26171875
3 0.25703125 0.43984375 0.0609375 0.26171875
3 0.196875 0.43984375 0.05703125 0.2515625
3 0.13359375 0.44140625 0.06015625 0.26640625
3 0.071875 0.43984375 0.059375 0.2578125